[gd_scene load_steps=10 format=3 uid="uid://cfm45yomcp1n4"]

[ext_resource type="Script" path="res://CharacterBody3D.gd" id="1_h7p4s"]
[ext_resource type="Script" path="res://Personaje 1.gd" id="2_racle"]

[sub_resource type="BoxShape3D" id="BoxShape3D_t06wn"]
margin = 0.0
size = Vector3(60, 2, 60)

[sub_resource type="BoxMesh" id="BoxMesh_j4bds"]
size = Vector3(60, 2, 60)

[sub_resource type="CapsuleMesh" id="CapsuleMesh_ryngb"]

[sub_resource type="CapsuleShape3D" id="CapsuleShape3D_nwhqf"]
radius = 0.8
height = 2.8

[sub_resource type="CylinderMesh" id="CylinderMesh_rwrta"]

[sub_resource type="CylinderShape3D" id="CylinderShape3D_afspk"]
height = 2.03319

[sub_resource type="SphereShape3D" id="SphereShape3D_bx7xw"]
radius = 2.0

[node name="Escena base" type="Node3D"]
transform = Transform3D(1.008, 0, 0, 0, 1.008, 0, 0, 0, 1.008, -0.141683, 0, 0.764498)

[node name="Piso" type="StaticBody3D" parent="."]
transform = Transform3D(1, 0, 0, 0, 1, 0, 0, 0, 1, 0, -1, 0)

[node name="CollisionShape3D" type="CollisionShape3D" parent="Piso"]
transform = Transform3D(0.999983, -0.00487525, 0.0030439, 0.00488335, 0.999985, -0.00265817, -0.00303089, 0.00267299, 0.999992, 0, 0, 0)
shape = SubResource("BoxShape3D_t06wn")

[node name="MeshInstance3D" type="MeshInstance3D" parent="Piso"]
transform = Transform3D(1, 0, 0, 0, 1, 0, 0, 0, 1, 2, 0, 2)
mesh = SubResource("BoxMesh_j4bds")

[node name="Personaje principal" type="CharacterBody3D" parent="."]
script = ExtResource("1_h7p4s")

[node name="MeshInstance3D" type="MeshInstance3D" parent="Personaje principal"]
transform = Transform3D(1, 0, 0, 0, 1, 0, 0, 0, 1, 0, 0.9505, 0)
mesh = SubResource("CapsuleMesh_ryngb")

[node name="CollisionShape3D" type="CollisionShape3D" parent="Personaje principal"]
transform = Transform3D(0.490556, 0, 0, 0, 0.6885, 0, 0, 0, 0.6885, 0, 1, 0)
shape = SubResource("CapsuleShape3D_nwhqf")

[node name="Camera3D" type="Camera3D" parent="Personaje principal"]
transform = Transform3D(0.992064, 0, 0, 0, 0.991923, 0.0167253, 0, -0.0167253, 0.991923, 0, 1.55573, -0.598163)

[node name="DirectionalLight3D" type="DirectionalLight3D" parent="."]
transform = Transform3D(1, 0, 0, 0, 0.707107, 0.707107, 0, -0.707107, 0.707107, 0, 65, 0)
light_energy = 1.021
shadow_enabled = true

[node name="Personaje 1" type="CharacterBody3D" parent="."]
transform = Transform3D(1, 0, 0, 0, 1, 0, 0, 0, 1, -3, 0, -3)
script = ExtResource("2_racle")

[node name="MeshInstance3D" type="MeshInstance3D" parent="Personaje 1"]
transform = Transform3D(1, 0, 0, 0, 1, 0, 0, 0, 1, -3, 0.951, -3)
mesh = SubResource("CylinderMesh_rwrta")

[node name="CollisionShape3D" type="CollisionShape3D" parent="Personaje 1"]
transform = Transform3D(1, 0, 0, 0, 1, 0, 0, 0, 1, -3, 0.951, -3)
shape = SubResource("CylinderShape3D_afspk")

[node name="Area3D" type="Area3D" parent="Personaje 1"]
transform = Transform3D(1, 0, 0, 0, 1, 0, 0, 0, 1, -3, 0.951, -3)

[node name="CollisionShape3D" type="CollisionShape3D" parent="Personaje 1/Area3D"]
transform = Transform3D(-0.350765, -0.231259, 0.907459, -0.109688, 0.972504, 0.205436, -0.930017, -0.0274777, -0.366487, 0.138223, -0.131598, -0.07829)
shape = SubResource("SphereShape3D_bx7xw")
