[gd_scene load_steps=17 format=3 uid="uid://cfm45yomcp1n4"]

[ext_resource type="Script" path="res://base.gd" id="1_pbv5a"]
[ext_resource type="Script" path="res://jugador.gd" id="2_blmu0"]
[ext_resource type="Script" path="res://Personaje 1.gd" id="2_racle"]
[ext_resource type="PackedScene" uid="uid://dikbdcffvrkat" path="res://manu.glb" id="3_aumme"]
[ext_resource type="PackedScene" uid="uid://bod7gmjxf1msp" path="res://CASA.glb" id="4_dy6kp"]
[ext_resource type="Script" path="res://SofiaV.gd" id="5_3iwx2"]
[ext_resource type="Script" path="res://Penta.gd" id="6_gut4j"]
[ext_resource type="Script" path="res://Corina.gd" id="7_ckl36"]
[ext_resource type="PackedScene" uid="uid://mmwo0uyd6ol7" path="res://penta.glb" id="9_o7k0h"]
[ext_resource type="PackedScene" uid="uid://4tfuha2llpt0" path="res://sofia v.glb" id="10_4xmcd"]
[ext_resource type="PackedScene" uid="uid://cxbiddwg0plwn" path="res://corina.glb" id="11_q8eb2"]

[sub_resource type="CapsuleMesh" id="CapsuleMesh_m133b"]

[sub_resource type="ConvexPolygonShape3D" id="ConvexPolygonShape3D_6tr4k"]
points = PackedVector3Array(-0.125207, -0.532801, -0.480507, 0.0227831, 0.47607, 0.498884, 0.169713, 0.559144, 0.464172, 0.231051, -0.803591, 0.320455, 0.40741, 0.651043, -0.243523, -0.482789, 0.594843, 0.0822132, -0.362868, -0.682312, 0.289697, 0.469044, -0.654529, -0.0662713, -0.127444, 0.842701, -0.338103, -0.393435, -0.683942, -0.244717, 0.438255, 0.623309, 0.200849, 0.0841477, 0.977454, 0.114795, -0.0682023, -0.976458, -0.12927, 0.20055, -0.563129, -0.451454, -0.185527, 0.595453, -0.453475, -0.273363, 0.592268, 0.407754, -0.00693649, -0.476823, 0.49966, 0.375821, -0.588614, 0.316955, 0.111579, 0.563059, -0.481177, -0.41725, 0.527866, -0.270497, -0.484546, -0.596972, -0.0665097, -0.279747, 0.908561, 0.0533361, -0.250197, -0.880712, 0.205319, 0.263647, -0.902771, -0.127394, 0.293368, 0.871526, -0.157196, 0.373412, -0.526319, -0.328246, 0.499663, 0.476641, -0.00688856, 0.0531056, 0.875001, 0.324703, -0.154543, -0.590854, 0.465879, -0.0972799, -0.782358, -0.398188, -0.387649, -0.498171, 0.31565, -0.30068, -0.587995, -0.388901)

[sub_resource type="SphereShape3D" id="SphereShape3D_bx7xw"]
radius = 1.5

[sub_resource type="PlaneMesh" id="PlaneMesh_0h68e"]

[sub_resource type="ConcavePolygonShape3D" id="ConcavePolygonShape3D_6yx7b"]
data = PackedVector3Array(1, 0, 1, -1, 0, 1, 1, 0, -1, -1, 0, 1, -1, 0, -1, 1, 0, -1)

[node name="Escena base" type="Node3D"]
transform = Transform3D(1.008, 0, 0, 0, 1.008, 0, 0, 0, 1.008, -0.141683, 0, 0.764498)
script = ExtResource("1_pbv5a")

[node name="Personajeprincipal" type="CharacterBody3D" parent="."]
transform = Transform3D(1, 0, 0, 0, 1, 0, 0, 0, 1, 0, 0.330064, 0)
script = ExtResource("2_blmu0")

[node name="pill" type="MeshInstance3D" parent="Personajeprincipal"]
transform = Transform3D(1.022, 0, 0, 0, 1, 0, 0, 0, 1, 0.0013217, 0.795121, -0.0432924)
mesh = SubResource("CapsuleMesh_m133b")
skeleton = NodePath("../..")

[node name="colision" type="CollisionShape3D" parent="Personajeprincipal"]
transform = Transform3D(1.022, 0, 0, 0, 1, 0, 0, 0, 1, 0.0013217, 0.795121, -0.0432923)
shape = SubResource("ConvexPolygonShape3D_6tr4k")

[node name="neck" type="Node3D" parent="Personajeprincipal"]
transform = Transform3D(1.022, 0, 0, 0, 1, 0, 0, 0, 1, 0.0013217, 1.16986, -0.0432923)

[node name="Camera3D" type="Camera3D" parent="Personajeprincipal/neck"]
transform = Transform3D(0.992063, 0, 0, 0, 1.0149, 0, 0, 0, 1.0149, -0.0013217, 0.317888, 0.0442883)

[node name="Manu" type="CharacterBody3D" parent="."]
transform = Transform3D(-0.563958, 0, -0.825803, 0, 1, 0, 0.825803, 0, -0.563958, -9.309, 0, -5.123)
script = ExtResource("2_racle")

[node name="Area3D" type="Area3D" parent="Manu"]
transform = Transform3D(1, 0, 2.98023e-08, 0, 1, 0, -2.98023e-08, 0, 1, 0, 0, 0)

[node name="CollisionShape3D" type="CollisionShape3D" parent="Manu/Area3D"]
transform = Transform3D(-0.350765, -0.231259, 0.907459, -0.109688, 0.972504, 0.205436, -0.930017, -0.0274777, -0.366487, 1.61304, 1.97177, -1.43511)
shape = SubResource("SphereShape3D_bx7xw")

[node name="manu" parent="Manu/Area3D" instance=ExtResource("3_aumme")]
transform = Transform3D(0.851062, 0, 0, 0, 0.851062, 0, 0, 0, 0.851062, 0, -0.0509425, 0)

[node name="SofiaV" type="CharacterBody3D" parent="."]
transform = Transform3D(-0.563958, 0, -0.825803, 0, 1, 0, 0.825803, 0, -0.563958, -6.00513, 0, -3)
script = ExtResource("5_3iwx2")

[node name="Area3D" type="Area3D" parent="SofiaV"]
transform = Transform3D(1, 0, 2.98023e-08, 0, 1, 0, -2.98023e-08, 0, 1, 0, 0, 0)

[node name="CollisionShape3D" type="CollisionShape3D" parent="SofiaV/Area3D"]
transform = Transform3D(-0.350765, -0.231259, 0.907459, -0.109688, 0.972504, 0.205436, -0.930017, -0.0274777, -0.366487, 1.10128, 1.20061, -0.742527)
visible = false
shape = SubResource("SphereShape3D_bx7xw")

[node name="sofia v" parent="SofiaV/Area3D" instance=ExtResource("10_4xmcd")]
transform = Transform3D(0.123272, 0, -0.992373, 0, 1, 0, 0.992373, 0, 0.123272, -2.32198, -0.0616464, 0.365996)

[node name="Penta" type="CharacterBody3D" parent="."]
transform = Transform3D(-0.563958, 0, -0.825803, 0, 1, 0, 0.825803, 0, -0.563958, -6.00513, 0, -3)
script = ExtResource("6_gut4j")

[node name="Area3D" type="Area3D" parent="Penta"]
transform = Transform3D(1, 0, 2.98023e-08, 0, 1, 0, -2.98023e-08, 0, 1, 0, 0, 0)

[node name="CollisionShape3D" type="CollisionShape3D" parent="Penta/Area3D"]
transform = Transform3D(-0.350765, -0.231259, 0.907459, -0.109688, 0.972504, 0.205436, -0.930017, -0.0274777, -0.366487, 1.10128, 1.20061, -0.742527)
visible = false
shape = SubResource("SphereShape3D_bx7xw")

[node name="penta" parent="Penta/Area3D" instance=ExtResource("9_o7k0h")]
transform = Transform3D(-0.563958, 0, 0.825804, 0, 1, 0, -0.825804, 0, -0.563958, 0.998445, 0.5, -8.1841)

[node name="Corina" type="CharacterBody3D" parent="."]
transform = Transform3D(-0.563958, 0, -0.825803, 0, 1, 0, 0.825803, 0, -0.563958, -6.00513, 0, -3)
script = ExtResource("7_ckl36")

[node name="Area3D" type="Area3D" parent="Corina"]
transform = Transform3D(1, 0, 2.98023e-08, 0, 1, 0, -2.98023e-08, 0, 1, 0, 0, 0)

[node name="CollisionShape3D" type="CollisionShape3D" parent="Corina/Area3D"]
transform = Transform3D(-0.350765, -0.231259, 0.907459, -0.109688, 0.972504, 0.205436, -0.930017, -0.0274777, -0.366487, 1.10128, 1.20061, -0.742527)
shape = SubResource("SphereShape3D_bx7xw")

[node name="corina2" parent="Corina/Area3D" instance=ExtResource("11_q8eb2")]
transform = Transform3D(-0.205504, 0, -0.978657, 0, 1, 0, 0.978657, 0, -0.205504, 3.89862, -0.0215279, -4.15277)

[node name="CASA" parent="." instance=ExtResource("4_dy6kp")]
transform = Transform3D(1, 0, 0, 0, 1, 0, 0, 0, 1, 1.13436, -0.000557729, 1.33477)

[node name="DirectionalLight3D2" type="DirectionalLight3D" parent="."]

[node name="OmniLight3D" type="OmniLight3D" parent="."]
transform = Transform3D(0.992063, 0, 0, 0, 0.992063, 0, 0, 0, 0.992063, -3.07071, 4.77818, 0)
light_energy = 3.424
omni_range = 14.7187

[node name="MeshInstance3D" type="MeshInstance3D" parent="."]
transform = Transform3D(15.514, 0, 0, 0, 15.514, 0, 0, 0, 15.514, 0, 0, 0)
mesh = SubResource("PlaneMesh_0h68e")

[node name="StaticBody3D" type="StaticBody3D" parent="MeshInstance3D"]

[node name="CollisionShape3D" type="CollisionShape3D" parent="MeshInstance3D/StaticBody3D"]
shape = SubResource("ConcavePolygonShape3D_6yx7b")
