[gd_scene load_steps=16 format=3 uid="uid://cfm45yomcp1n4"]

[ext_resource type="Script" path="res://CharacterBody3D.gd" id="1_h7p4s"]
[ext_resource type="Script" path="res://base.gd" id="1_pbv5a"]
[ext_resource type="Script" path="res://Personaje 1.gd" id="2_racle"]
[ext_resource type="PackedScene" uid="uid://dikbdcffvrkat" path="res://manu.glb" id="3_aumme"]
[ext_resource type="PackedScene" uid="uid://bod7gmjxf1msp" path="res://CASA.glb" id="4_dy6kp"]
[ext_resource type="Script" path="res://SofiaV.gd" id="5_3iwx2"]
[ext_resource type="Script" path="res://Penta.gd" id="6_gut4j"]
[ext_resource type="Script" path="res://Corina.gd" id="7_ckl36"]
[ext_resource type="PackedScene" uid="uid://mmwo0uyd6ol7" path="res://penta.glb" id="9_o7k0h"]
[ext_resource type="PackedScene" uid="uid://4tfuha2llpt0" path="res://sofia v.glb" id="10_4xmcd"]
[ext_resource type="PackedScene" uid="uid://cxbiddwg0plwn" path="res://corina.glb" id="11_q8eb2"]

[sub_resource type="CapsuleMesh" id="CapsuleMesh_ryngb"]

[sub_resource type="CapsuleShape3D" id="CapsuleShape3D_nwhqf"]
radius = 0.8
height = 2.8

[sub_resource type="SphereShape3D" id="SphereShape3D_bx7xw"]
radius = 1.0

[sub_resource type="BoxShape3D" id="BoxShape3D_iyx7x"]
size = Vector3(11.1838, 1, 11.4424)

[node name="Escena base" type="Node3D"]
transform = Transform3D(1.008, 0, 0, 0, 1.008, 0, 0, 0, 1.008, -0.141683, 0, 0.764498)
script = ExtResource("1_pbv5a")

[node name="Personaje principal" type="CharacterBody3D" parent="."]
script = ExtResource("1_h7p4s")

[node name="MeshInstance3D" type="MeshInstance3D" parent="Personaje principal"]
transform = Transform3D(1, 0, 0, 0, 1, 0, 0, 0, 1, 0, 0.9505, 0)
mesh = SubResource("CapsuleMesh_ryngb")

[node name="CollisionShape3D" type="CollisionShape3D" parent="Personaje principal"]
transform = Transform3D(0.490556, 0, 0, 0, 0.6885, 0, 0, 0, 0.6885, 0, 1, 0)
shape = SubResource("CapsuleShape3D_nwhqf")

[node name="Camera3D" type="Camera3D" parent="Personaje principal"]
transform = Transform3D(0.992064, 0, 0, 0, 0.991923, 0.0167253, 0, -0.0167253, 0.991923, 0, 1.55573, -0.598163)
fov = 134.3

[node name="Manu" type="CharacterBody3D" parent="."]
transform = Transform3D(-0.563958, 0, -0.825803, 0, 1, 0, 0.825803, 0, -0.563958, -6.00513, 0, -3)
script = ExtResource("2_racle")

[node name="Area3D" type="Area3D" parent="Manu"]
transform = Transform3D(1, 0, 2.98023e-08, 0, 1, 0, -2.98023e-08, 0, 1, 0, 0, 0)

[node name="CollisionShape3D" type="CollisionShape3D" parent="Manu/Area3D"]
transform = Transform3D(-0.350765, -0.231259, 0.907459, -0.109688, 0.972504, 0.205436, -0.930017, -0.0274777, -0.366487, 1.10128, 1.20061, -0.742527)
shape = SubResource("SphereShape3D_bx7xw")

[node name="manu" parent="Manu/Area3D" instance=ExtResource("3_aumme")]
transform = Transform3D(1, 0, 2.98023e-08, 0, 1, 0, -2.98023e-08, 0, 1, 0, -0.0509425, 0)

[node name="SofiaV" type="CharacterBody3D" parent="."]
transform = Transform3D(-0.563958, 0, -0.825803, 0, 1, 0, 0.825803, 0, -0.563958, -6.00513, 0, -3)
script = ExtResource("5_3iwx2")

[node name="Area3D" type="Area3D" parent="SofiaV"]
transform = Transform3D(1, 0, 2.98023e-08, 0, 1, 0, -2.98023e-08, 0, 1, 0, 0, 0)
visible = false

[node name="CollisionShape3D" type="CollisionShape3D" parent="SofiaV/Area3D"]
transform = Transform3D(-0.350765, -0.231259, 0.907459, -0.109688, 0.972504, 0.205436, -0.930017, -0.0274777, -0.366487, 1.10128, 1.20061, -0.742527)
visible = false
shape = SubResource("SphereShape3D_bx7xw")

[node name="manu" parent="SofiaV/Area3D" instance=ExtResource("3_aumme")]
transform = Transform3D(1, 0, 2.98023e-08, 0, 1, 0, -2.98023e-08, 0, 1, 0, 0, 0)
visible = false

[node name="Penta" type="CharacterBody3D" parent="."]
transform = Transform3D(-0.563958, 0, -0.825803, 0, 1, 0, 0.825803, 0, -0.563958, -6.00513, 0, -3)
visible = false
script = ExtResource("6_gut4j")

[node name="Area3D" type="Area3D" parent="Penta"]
transform = Transform3D(1, 0, 2.98023e-08, 0, 1, 0, -2.98023e-08, 0, 1, 0, 0, 0)
visible = false

[node name="CollisionShape3D" type="CollisionShape3D" parent="Penta/Area3D"]
transform = Transform3D(-0.350765, -0.231259, 0.907459, -0.109688, 0.972504, 0.205436, -0.930017, -0.0274777, -0.366487, 1.10128, 1.20061, -0.742527)
visible = false
shape = SubResource("SphereShape3D_bx7xw")

[node name="manu" parent="Penta/Area3D" instance=ExtResource("3_aumme")]
transform = Transform3D(1, 0, 2.98023e-08, 0, 1, 0, -2.98023e-08, 0, 1, 0, 0, 0)
visible = false

[node name="Corina" type="CharacterBody3D" parent="."]
transform = Transform3D(-0.563958, 0, -0.825803, 0, 1, 0, 0.825803, 0, -0.563958, -6.00513, 0, -3)
visible = false
script = ExtResource("7_ckl36")

[node name="Area3D" type="Area3D" parent="Corina"]
transform = Transform3D(1, 0, 2.98023e-08, 0, 1, 0, -2.98023e-08, 0, 1, 0, 0, 0)
visible = false

[node name="CollisionShape3D" type="CollisionShape3D" parent="Corina/Area3D"]
transform = Transform3D(-0.350765, -0.231259, 0.907459, -0.109688, 0.972504, 0.205436, -0.930017, -0.0274777, -0.366487, 1.10128, 1.20061, -0.742527)
visible = false
shape = SubResource("SphereShape3D_bx7xw")

[node name="manu" parent="Corina/Area3D" instance=ExtResource("3_aumme")]
transform = Transform3D(1, 0, 2.98023e-08, 0, 1, 0, -2.98023e-08, 0, 1, 0, 0, 0)

[node name="CASA" parent="." instance=ExtResource("4_dy6kp")]
transform = Transform3D(1, 0, 0, 0, 1, 0, 0, 0, 1, 1.13436, -0.000557729, 1.33477)

[node name="Piso" type="StaticBody3D" parent="."]

[node name="CollisionShape3D" type="CollisionShape3D" parent="Piso"]
transform = Transform3D(1, 0, 0, 0, 1, 0, 0, 0, 1, -3.53358, 0, 0)
shape = SubResource("BoxShape3D_iyx7x")

[node name="DirectionalLight3D2" type="DirectionalLight3D" parent="."]

[node name="OmniLight3D" type="OmniLight3D" parent="."]
transform = Transform3D(0.992063, 0, 0, 0, 0.992063, 0, 0, 0, 0.992063, -2.30852, 4.77818, 0)
light_energy = 3.424

[node name="penta" parent="." instance=ExtResource("9_o7k0h")]
transform = Transform3D(1, 0, 0, 0, 1, 0, 0, 0, 1, 0.190246, 0.5, 2.44001)

[node name="sofia v" parent="." instance=ExtResource("10_4xmcd")]
transform = Transform3D(-0.889025, 0, 0.457858, 0, 1, 0, -0.457858, 0, -0.889025, -3.86372, -0.0616464, -3.15297)

[node name="corina2" parent="." instance=ExtResource("11_q8eb2")]
transform = Transform3D(-0.692282, 0, 0.721627, 0, 1, 0, -0.721627, 0, -0.692282, -4.77442, -0.0215279, 2.56148)
